1
2
4
8
16
32
64
128
256
512
1024
2048
2049
1025
2050
2051
513
1026
2052
2053
1027
2054
2055
257
514
1028
2056
2057
1029
2058
2059
515
1030
2060
2061
1031
2062
2063
129
258
516
1032
2064
2065
1033
2066
2067
517
1034
2068
2069
1035
2070
2071
259
518
1036
2072
2073
1037
2074
2075
519
1038
2076
2077
1039
2078
2079
65
130
260
520
1040
2080
2081
1041
2082
2083
521
1042
2084
2085
1043
2086
2087
261
522
1044
2088
2089
1045
2090
2091
523
1046
2092
2093
1047
2094
2095
131
262
524
1048
2096
2097
1049
2098
2099
525
1050
2100
2101
1051
2102
2103
263
526
1052
2104
2105
1053
2106
2107
527
1054
2108
2109
1055
2110
2111
33
66
132
264
528
1056
2112
2113
1057
2114
2115
529
1058
2116
2117
1059
2118
2119
265
530
1060
2120
2121
1061
2122
2123
531
1062
2124
2125
1063
2126
2127
133
266
532
1064
2128
2129
1065
2130
2131
533
1066
2132
2133
1067
2134
2135
267
534
1068
2136
2137
1069
2138
2139
535
1070
2140
2141
1071
2142
2143
67
134
268
536
1072
2144
2145
1073
2146
2147
537
1074
2148
2149
1075
2150
2151
269
538
1076
2152
2153
1077
2154
2155
539
1078
2156
2157
1079
2158
2159
135
270
540
1080
2160
2161
1081
2162
2163
541
1082
2164
2165
1083
2166
2167
271
542
1084
2168
2169
1085
2170
2171
543
1086
2172
2173
1087
2174
2175
17
34
68
136
272
544
1088
2176
2177
1089
2178
2179
545
1090
2180
2181
1091
2182
2183
273
546
1092
2184
2185
1093
2186
2187
547
1094
2188
2189
1095
2190
2191
137
274
548
1096
2192
2193
1097
2194
2195
549
1098
2196
2197
1099
2198
2199
275
550
1100
2200
2201
1101
2202
2203
551
1102
2204
2205
1103
2206
2207
69
138
276
552
1104
2208
2209
1105
2210
2211
553
1106
2212
2213
1107
2214
2215
277
554
1108
2216
2217
1109
2218
2219
555
1110
2220
2221
1111
2222
2223
139
278
556
1112
2224
2225
1113
2226
2227
557
1114
2228
2229
1115
2230
2231
279
558
1116
2232
2233
1117
2234
2235
559
1118
2236
2237
1119
2238
2239
35
70
140
280
560
1120
2240
2241
1121
2242
2243
561
1122
2244
2245
1123
2246
2247
281
562
1124
2248
2249
1125
2250
2251
563
1126
2252
2253
1127
2254
2255
141
282
564
1128
2256
2257
1129
2258
2259
565
1130
2260
2261
1131
2262
2263
283
566
1132
2264
2265
1133
2266
2267
567
1134
2268
2269
1135
2270
2271
71
142
284
568
1136
2272
2273
1137
2274
2275
569
1138
2276
2277
1139
2278
2279
285
570
1140
2280
2281
1141
2282
2283
571
1142
2284
2285
1143
2286
2287
143
286
572
1144
2288
2289
1145
2290
2291
573
1146
2292
2293
1147
2294
2295
287
574
1148
2296
2297
1149
2298
2299
575
1150
2300
2301
1151
2302
2303
9
18
36
72
144
288
576
1152
2304
2305
1153
2306
2307
577
1154
2308
2309
1155
2310
2311
289
578
1156
2312
2313
1157
2314
2315
579
1158
2316
2317
1159
2318
2319
145
290
580
1160
2320
2321
1161
2322
2323
581
1162
2324
2325
1163
2326
2327
291
582
1164
2328
2329
1165
2330
2331
583
1166
2332
2333
1167
2334
2335
73
146
292
584
1168
2336
2337
1169
2338
2339
585
1170
2340
2341
1171
2342
2343
293
586
1172
2344
2345
1173
2346
2347
587
1174
2348
2349
1175
2350
2351
147
294
588
1176
2352
2353
1177
2354
2355
589
1178
2356
2357
1179
2358
2359
295
590
1180
2360
2361
1181
2362
2363
591
1182
2364
2365
1183
2366
2367
37
74
148
296
592
1184
2368
2369
1185
2370
2371
593
1186
2372
2373
1187
2374
2375
297
594
1188
2376
2377
1189
2378
2379
595
1190
2380
2381
1191
2382
2383
149
298
596
1192
2384
2385
1193
2386
2387
597
1194
2388
2389
1195
2390
2391
299
598
1196
2392
2393
1197
2394
2395
599
1198
2396
2397
1199
2398
2399
75
150
300
600
1200
2400
2401
1201
2402
2403
601
1202
2404
2405
1203
2406
2407
301
602
1204
2408
2409
1205
2410
2411
603
1206
2412
2413
1207
2414
2415
151
302
604
1208
2416
2417
1209
2418
2419
605
1210
2420
2421
1211
2422
2423
303
606
1212
2424
2425
1213
2426
2427
607
1214
2428
2429
1215
2430
2431
19
38
76
152
304
608
1216
2432
2433
1217
2434
2435
609
1218
2436
2437
1219
2438
2439
305
610
1220
2440
2441
1221
2442
2443
611
1222
2444
2445
1223
2446
2447
153
306
612
1224
2448
2449
1225
2450
2451
613
1226
2452
2453
1227
2454
2455
307
614
1228
2456
2457
1229
2458
2459
615
1230
2460
2461
1231
2462
2463
77
154
308
616
1232
2464
2465
1233
2466
2467
617
1234
2468
2469
1235
2470
2471
309
618
1236
2472
2473
1237
2474
2475
619
1238
2476
2477
1239
2478
2479
155
310
620
1240
2480
2481
1241
2482
2483
621
1242
2484
2485
1243
2486
2487
311
622
1244
2488
2489
1245
2490
2491
623
1246
2492
2493
1247
2494
2495
39
78
156
312
624
1248
2496
2497
1249
2498
2499
625
1250
2500
2501
1251
2502
2503
313
626
1252
2504
2505
1253
2506
2507
627
1254
2508
2509
1255
2510
2511
157
314
628
1256
2512
2513
1257
2514
2515
629
1258
2516
2517
1259
2518
2519
315
630
1260
2520
2521
1261
2522
2523
631
1262
2524
2525
1263
2526
2527
79
158
316
632
1264
2528
2529
1265
2530
2531
633
1266
2532
2533
1267
2534
2535
317
634
1268
2536
2537
1269
2538
2539
635
1270
2540
2541
1271
2542
2543
159
318
636
1272
2544
2545
1273
2546
2547
637
1274
2548
2549
1275
2550
2551
319
638
1276
2552
2553
1277
2554
2555
639
1278
2556
2557
1279
2558
2559
5
10
20
40
80
160
320
640
1280
2560
2561
1281
2562
2563
641
1282
2564
2565
1283
2566
2567
321
642
1284
2568
2569
1285
2570
2571
643
1286
2572
2573
1287
2574
2575
161
322
644
1288
2576
2577
1289
2578
2579
645
1290
2580
2581
1291
2582
2583
323
646
1292
2584
2585
1293
2586
2587
647
1294
2588
2589
1295
2590
2591
81
162
324
648
1296
2592
2593
1297
2594
2595
649
1298
2596
2597
1299
2598
2599
325
650
1300
2600
2601
1301
2602
2603
651
1302
2604
2605
1303
2606
2607
163
326
652
1304
2608
2609
1305
2610
2611
653
1306
2612
2613
1307
2614
2615
327
654
1308
2616
2617
1309
2618
2619
655
1310
2620
2621
1311
2622
2623
41
82
164
328
656
1312
2624
2625
1313
2626
2627
657
1314
2628
2629
1315
2630
2631
329
658
1316
2632
2633
1317
2634
2635
659
1318
2636
2637
1319
2638
2639
165
330
660
1320
2640
2641
1321
2642
2643
661
1322
2644
2645
1323
2646
2647
331
662
1324
2648
2649
1325
2650
2651
663
1326
2652
2653
1327
2654
2655
83
166
332
664
1328
2656
2657
1329
2658
2659
665
1330
2660
2661
1331
2662
2663
333
666
1332
2664
2665
1333
2666
2667
667
1334
2668
2669
1335
2670
2671
167
334
668
1336
2672
2673
1337
2674
2675
669
1338
2676
2677
1339
2678
2679
335
670
1340
2680
2681
1341
2682
2683
671
1342
2684
2685
1343
2686
2687
21
42
84
168
336
672
1344
2688
2689
1345
2690
2691
673
1346
2692
2693
1347
2694
2695
337
674
1348
2696
2697
1349
2698
2699
675
1350
2700
2701
1351
2702
2703
169
338
676
1352
2704
2705
1353
2706
2707
677
1354
2708
2709
1355
2710
2711
339
678
1356
2712
2713
1357
2714
2715
679
1358
2716
2717
1359
2718
2719
85
170
340
680
1360
2720
2721
1361
2722
2723
681
1362
2724
2725
1363
2726
2727
341
682
1364
2728
2729
1365
2730
2731
683
1366
2732
2733
1367
2734
2735
171
342
684
1368
2736
2737
1369
2738
2739
685
1370
2740
2741
1371
2742
2743
343
686
1372
2744
2745
1373
2746
2747
687
1374
2748
2749
1375
2750
2751
43
86
172
344
688
1376
2752
2753
1377
2754
2755
689
1378
2756
2757
1379
2758
2759
345
690
1380
2760
2761
1381
2762
2763
691
1382
2764
2765
1383
2766
2767
173
346
692
1384
2768
2769
1385
2770
2771
693
1386
2772
2773
1387
2774
2775
347
694
1388
2776
2777
1389
2778
2779
695
1390
2780
2781
1391
2782
2783
87
174
348
696
1392
2784
2785
1393
2786
2787
697
1394
2788
2789
1395
2790
2791
349
698
1396
2792
2793
1397
2794
2795
699
1398
2796
2797
1399
2798
2799
175
350
700
1400
2800
2801
1401
2802
2803
701
1402
2804
2805
1403
2806
2807
351
702
1404
2808
2809
1405
2810
2811
703
1406
2812
2813
1407
2814
2815
11
22
44
88
176
352
704
1408
2816
2817
1409
2818
2819
705
1410
2820
2821
1411
2822
2823
353
706
1412
2824
2825
1413
2826
2827
707
1414
2828
2829
1415
2830
2831
177
354
708
1416
2832
2833
1417
2834
2835
709
1418
2836
2837
1419
2838
2839
355
710
1420
2840
2841
1421
2842
2843
711
1422
2844
2845
1423
2846
2847
89
178
356
712
1424
2848
2849
1425
2850
2851
713
1426
2852
2853
1427
2854
2855
357
714
1428
2856
2857
1429
2858
2859
715
1430
2860
2861
1431
2862
2863
179
358
716
1432
2864
2865
1433
2866
2867
717
1434
2868
2869
1435
2870
2871
359
718
1436
2872
2873
1437
2874
2875
719
1438
2876
2877
1439
2878
2879
45
90
180
360
720
1440
2880
2881
1441
2882
2883
721
1442
2884
2885
1443
2886
2887
361
722
1444
2888
2889
1445
2890
2891
723
1446
2892
2893
1447
2894
2895
181
362
724
1448
2896
2897
1449
2898
2899
725
1450
2900
2901
1451
2902
2903
363
726
1452
2904
2905
1453
2906
2907
727
1454
2908
2909
1455
2910
2911
91
182
364
728
1456
2912
2913
1457
2914
2915
729
1458
2916
2917
1459
2918
2919
365
730
1460
2920
2921
1461
2922
2923
731
1462
2924
2925
1463
2926
2927
183
366
732
1464
2928
2929
1465
2930
2931
733
1466
2932
2933
1467
2934
2935
367
734
1468
2936
2937
1469
2938
2939
735
1470
2940
2941
1471
2942
2943
23
46
92
184
368
736
1472
2944
2945
1473
2946
2947
737
1474
2948
2949
1475
2950
2951
369
738
1476
2952
2953
1477
2954
2955
739
1478
2956
2957
1479
2958
2959
185
370
740
1480
2960
2961
1481
2962
2963
741
1482
2964
2965
1483
2966
2967
371
742
1484
2968
2969
1485
2970
2971
743
1486
2972
2973
1487
2974
2975
93
186
372
744
1488
2976
2977
1489
2978
2979
745
1490
2980
2981
1491
2982
2983
373
746
1492
2984
2985
1493
2986
2987
747
1494
2988
2989
1495
2990
2991
187
374
748
1496
2992
2993
1497
2994
2995
749
1498
2996
2997
1499
2998
2999
375
750
1500
3000
3001
1501
3002
3003
751
1502
3004
3005
1503
3006
3007
47
94
188
376
752
1504
3008
3009
1505
3010
3011
753
1506
3012
3013
1507
3014
3015
377
754
1508
3016
3017
1509
3018
3019
755
1510
3020
3021
1511
3022
3023
189
378
756
1512
3024
3025
1513
3026
3027
757
1514
3028
3029
1515
3030
3031
379
758
1516
3032
3033
1517
3034
3035
759
1518
3036
3037
1519
3038
3039
95
190
380
760
1520
3040
3041
1521
3042
3043
761
1522
3044
3045
1523
3046
3047
381
762
1524
3048
3049
1525
3050
3051
763
1526
3052
3053
1527
3054
3055
191
382
764
1528
3056
3057
1529
3058
3059
765
1530
3060
3061
1531
3062
3063
383
766
1532
3064
3065
1533
3066
3067
767
1534
3068
3069
1535
3070
3071
3
6
12
24
48
96
192
384
768
1536
3072
3073
1537
3074
3075
769
1538
3076
3077
1539
3078
3079
385
770
1540
3080
3081
1541
3082
3083
771
1542
3084
3085
1543
3086
3087
193
386
772
1544
3088
3089
1545
3090
3091
773
1546
3092
3093
1547
3094
3095
387
774
1548
3096
3097
1549
3098
3099
775
1550
3100
3101
1551
3102
3103
97
194
388
776
1552
3104
3105
1553
3106
3107
777
1554
3108
3109
1555
3110
3111
389
778
1556
3112
3113
1557
3114
3115
779
1558
3116
3117
1559
3118
3119
195
390
780
1560
3120
3121
1561
3122
3123
781
1562
3124
3125
1563
3126
3127
391
782
1564
3128
3129
1565
3130
3131
783
1566
3132
3133
1567
3134
3135
49
98
196
392
784
1568
3136
3137
1569
3138
3139
785
1570
3140
3141
1571
3142
3143
393
786
1572
3144
3145
1573
3146
3147
787
1574
3148
3149
1575
3150
3151
197
394
788
1576
3152
3153
1577
3154
3155
789
1578
3156
3157
1579
3158
3159
395
790
1580
3160
3161
1581
3162
3163
791
1582
3164
3165
1583
3166
3167
99
198
396
792
1584
3168
3169
1585
3170
3171
793
1586
3172
3173
1587
3174
3175
397
794
1588
3176
3177
1589
3178
3179
795
1590
3180
3181
1591
3182
3183
199
398
796
1592
3184
3185
1593
3186
3187
797
1594
3188
3189
1595
3190
3191
399
798
1596
3192
3193
1597
3194
3195
799
1598
3196
3197
1599
3198
3199
25
50
100
200
400
800
1600
3200
3201
1601
3202
3203
801
1602
3204
3205
1603
3206
3207
401
802
1604
3208
3209
1605
3210
3211
803
1606
3212
3213
1607
3214
3215
201
402
804
1608
3216
3217
1609
3218
3219
805
1610
3220
3221
1611
3222
3223
403
806
1612
3224
3225
1613
3226
3227
807
1614
3228
3229
1615
3230
3231
101
202
404
808
1616
3232
3233
1617
3234
3235
809
1618
3236
3237
1619
3238
3239
405
810
1620
3240
3241
1621
3242
3243
811
1622
3244
3245
1623
3246
3247
203
406
812
1624
3248
3249
1625
3250
3251
813
1626
3252
3253
1627
3254
3255
407
814
1628
3256
3257
1629
3258
3259
815
1630
3260
3261
1631
3262
3263
51
102
204
408
816
1632
3264
3265
1633
3266
3267
817
1634
3268
3269
1635
3270
3271
409
818
1636
3272
3273
1637
3274
3275
819
1638
3276
3277
1639
3278
3279
205
410
820
1640
3280
3281
1641
3282
3283
821
1642
3284
3285
1643
3286
3287
411
822
1644
3288
3289
1645
3290
3291
823
1646
3292
3293
1647
3294
3295
103
206
412
824
1648
3296
3297
1649
3298
3299
825
1650
3300
3301
1651
3302
3303
413
826
1652
3304
3305
1653
3306
3307
827
1654
3308
3309
1655
3310
3311
207
414
828
1656
3312
3313
1657
3314
3315
829
1658
3316
3317
1659
3318
3319
415
830
1660
3320
3321
1661
3322
3323
831
1662
3324
3325
1663
3326
3327
13
26
52
104
208
416
832
1664
3328
3329
1665
3330
3331
833
1666
3332
3333
1667
3334
3335
417
834
1668
3336
3337
1669
3338
3339
835
1670
3340
3341
1671
3342
3343
209
418
836
1672
3344
3345
1673
3346
3347
837
1674
3348
3349
1675
3350
3351
419
838
1676
3352
3353
1677
3354
3355
839
1678
3356
3357
1679
3358
3359
105
210
420
840
1680
3360
3361
1681
3362
3363
841
1682
3364
3365
1683
3366
3367
421
842
1684
3368
3369
1685
3370
3371
843
1686
3372
3373
1687
3374
3375
211
422
844
1688
3376
3377
1689
3378
3379
845
1690
3380
3381
1691
3382
3383
423
846
1692
3384
3385
1693
3386
3387
847
1694
3388
3389
1695
3390
3391
53
106
212
424
848
1696
3392
3393
1697
3394
3395
849
1698
3396
3397
1699
3398
3399
425
850
1700
3400
3401
1701
3402
3403
851
1702
3404
3405
1703
3406
3407
213
426
852
1704
3408
3409
1705
3410
3411
853
1706
3412
3413
1707
3414
3415
427
854
1708
3416
3417
1709
3418
3419
855
1710
3420
3421
1711
3422
3423
107
214
428
856
1712
3424
3425
1713
3426
3427
857
1714
3428
3429
1715
3430
3431
429
858
1716
3432
3433
1717
3434
3435
859
1718
3436
3437
1719
3438
3439
215
430
860
1720
3440
3441
1721
3442
3443
861
1722
3444
3445
1723
3446
3447
431
862
1724
3448
3449
1725
3450
3451
863
1726
3452
3453
1727
3454
3455
27
54
108
216
432
864
1728
3456
3457
1729
3458
3459
865
1730
3460
3461
1731
3462
3463
433
866
1732
3464
3465
1733
3466
3467
867
1734
3468
3469
1735
3470
3471
217
434
868
1736
3472
3473
1737
3474
3475
869
1738
3476
3477
1739
3478
3479
435
870
1740
3480
3481
1741
3482
3483
871
1742
3484
3485
1743
3486
3487
109
218
436
872
1744
3488
3489
1745
3490
3491
873
1746
3492
3493
1747
3494
3495
437
874
1748
3496
3497
1749
3498
3499
875
1750
3500
3501
1751
3502
3503
219
438
876
1752
3504
3505
1753
3506
3507
877
1754
3508
3509
1755
3510
3511
439
878
1756
3512
3513
1757
3514
3515
879
1758
3516
3517
1759
3518
3519
55
110
220
440
880
1760
3520
3521
1761
3522
3523
881
1762
3524
3525
1763
3526
3527
441
882
1764
3528
3529
1765
3530
3531
883
1766
3532
3533
1767
3534
3535
221
442
884
1768
3536
3537
1769
3538
3539
885
1770
3540
3541
1771
3542
3543
443
886
1772
3544
3545
1773
3546
3547
887
1774
3548
3549
1775
3550
3551
111
222
444
888
1776
3552
3553
1777
3554
3555
889
1778
3556
3557
1779
3558
3559
445
890
1780
3560
3561
1781
3562
3563
891
1782
3564
3565
1783
3566
3567
223
446
892
1784
3568
3569
1785
3570
3571
893
1786
3572
3573
1787
3574
3575
447
894
1788
3576
3577
1789
3578
3579
895
1790
3580
3581
1791
3582
3583
7
14
28
56
112
224
448
896
1792
3584
3585
1793
3586
3587
897
1794
3588
3589
1795
3590
3591
449
898
1796
3592
3593
1797
3594
3595
899
1798
3596
3597
1799
3598
3599
225
450
900
1800
3600
3601
1801
3602
3603
901
1802
3604
3605
1803
3606
3607
451
902
1804
3608
3609
1805
3610
3611
903
1806
3612
3613
1807
3614
3615
113
226
452
904
1808
3616
3617
1809
3618
3619
905
1810
3620
3621
1811
3622
3623
453
906
1812
3624
3625
1813
3626
3627
907
1814
3628
3629
1815
3630
3631
227
454
908
1816
3632
3633
1817
3634
3635
909
1818
3636
3637
1819
3638
3639
455
910
1820
3640
3641
1821
3642
3643
911
1822
3644
3645
1823
3646
3647
57
114
228
456
912
1824
3648
3649
1825
3650
3651
913
1826
3652
3653
1827
3654
3655
457
914
1828
3656
3657
1829
3658
3659
915
1830
3660
3661
1831
3662
3663
229
458
916
1832
3664
3665
1833
3666
3667
917
1834
3668
3669
1835
3670
3671
459
918
1836
3672
3673
1837
3674
3675
919
1838
3676
3677
1839
3678
3679
115
230
460
920
1840
3680
3681
1841
3682
3683
921
1842
3684
3685
1843
3686
3687
461
922
1844
3688
3689
1845
3690
3691
923
1846
3692
3693
1847
3694
3695
231
462
924
1848
3696
3697
1849
3698
3699
925
1850
3700
3701
1851
3702
3703
463
926
1852
3704
3705
1853
3706
3707
927
1854
3708
3709
1855
3710
3711
29
58
116
232
464
928
1856
3712
3713
1857
3714
3715
929
1858
3716
3717
1859
3718
3719
465
930
1860
3720
3721
1861
3722
3723
931
1862
3724
3725
1863
3726
3727
233
466
932
1864
3728
3729
1865
3730
3731
933
1866
3732
3733
1867
3734
3735
467
934
1868
3736
3737
1869
3738
3739
935
1870
3740
3741
1871
3742
3743
117
234
468
936
1872
3744
3745
1873
3746
3747
937
1874
3748
3749
1875
3750
3751
469
938
1876
3752
3753
1877
3754
3755
939
1878
3756
3757
1879
3758
3759
235
470
940
1880
3760
3761
1881
3762
3763
941
1882
3764
3765
1883
3766
3767
471
942
1884
3768
3769
1885
3770
3771
943
1886
3772
3773
1887
3774
3775
59
118
236
472
944
1888
3776
3777
1889
3778
3779
945
1890
3780
3781
1891
3782
3783
473
946
1892
3784
3785
1893
3786
3787
947
1894
3788
3789
1895
3790
3791
237
474
948
1896
3792
3793
1897
3794
3795
949
1898
3796
3797
1899
3798
3799
475
950
1900
3800
3801
1901
3802
3803
951
1902
3804
3805
1903
3806
3807
119
238
476
952
1904
3808
3809
1905
3810
3811
953
1906
3812
3813
1907
3814
3815
477
954
1908
3816
3817
1909
3818
3819
955
1910
3820
3821
1911
3822
3823
239
478
956
1912
3824
3825
1913
3826
3827
957
1914
3828
3829
1915
3830
3831
479
958
1916
3832
3833
1917
3834
3835
959
1918
3836
3837
1919
3838
3839
15
30
60
120
240
480
960
1920
3840
3841
1921
3842
3843
961
1922
3844
3845
1923
3846
3847
481
962
1924
3848
3849
1925
3850
3851
963
1926
3852
3853
1927
3854
3855
241
482
964
1928
3856
3857
1929
3858
3859
965
1930
3860
3861
1931
3862
3863
483
966
1932
3864
3865
1933
3866
3867
967
1934
3868
3869
1935
3870
3871
121
242
484
968
1936
3872
3873
1937
3874
3875
969
1938
3876
3877
1939
3878
3879
485
970
1940
3880
3881
1941
3882
3883
971
1942
3884
3885
1943
3886
3887
243
486
972
1944
3888
3889
1945
3890
3891
973
1946
3892
3893
1947
3894
3895
487
974
1948
3896
3897
1949
3898
3899
975
1950
3900
3901
1951
3902
3903
61
122
244
488
976
1952
3904
3905
1953
3906
3907
977
1954
3908
3909
1955
3910
3911
489
978
1956
3912
3913
1957
3914
3915
979
1958
3916
3917
1959
3918
3919
245
490
980
1960
3920
3921
1961
3922
3923
981
1962
3924
3925
1963
3926
3927
491
982
1964
3928
3929
1965
3930
3931
983
1966
3932
3933
1967
3934
3935
123
246
492
984
1968
3936
3937
1969
3938
3939
985
1970
3940
3941
1971
3942
3943
493
986
1972
3944
3945
1973
3946
3947
987
1974
3948
3949
1975
3950
3951
247
494
988
1976
3952
3953
1977
3954
3955
989
1978
3956
3957
1979
3958
3959
495
990
1980
3960
3961
1981
3962
3963
991
1982
3964
3965
1983
3966
3967
31
62
124
248
496
992
1984
3968
3969
1985
3970
3971
993
1986
3972
3973
1987
3974
3975
497
994
1988
3976
3977
1989
3978
3979
995
1990
3980
3981
1991
3982
3983
249
498
996
1992
3984
3985
1993
3986
3987
997
1994
3988
3989
1995
3990
3991
499
998
1996
3992
3993
1997
3994
3995
999
1998
3996
3997
1999
3998
3999
125
250
500
1000
2000
4000
4001
2001
4002
4003
1001
2002
4004
4005
2003
4006
4007
501
1002
2004
4008
4009
2005
4010
4011
1003
2006
4012
4013
2007
4014
4015
251
502
1004
2008
4016
4017
2009
4018
4019
1005
2010
4020
4021
2011
4022
4023
503
1006
2012
4024
4025
2013
4026
4027
1007
2014
4028
4029
2015
4030
4031
63
126
252
504
1008
2016
4032
4033
2017
4034
4035
1009
2018
4036
4037
2019
4038
4039
505
1010
2020
4040
4041
2021
4042
4043
1011
2022
4044
4045
2023
4046
4047
253
506
1012
2024
4048
4049
2025
4050
4051
1013
2026
4052
4053
2027
4054
4055
507
1014
2028
4056
4057
2029
4058
4059
1015
2030
4060
4061
2031
4062
4063
127
254
508
1016
2032
4064
4065
2033
4066
4067
1017
2034
4068
4069
2035
4070
4071
509
1018
2036
4072
4073
2037
4074
4075
1019
2038
4076
4077
2039
4078
4079
255
510
1020
2040
4080
4081
2041
4082
4083
1021
2042
4084
4085
2043
4086
4087
511
1022
2044
4088
4089
2045
4090
4091
1023
2046
4092
4093
2047
4094
4095
