1
2
4
8
16
32
64
128
256
512
1024
2048
4096
4097
2049
4098
4099
1025
2050
4100
4101
2051
4102
4103
513
1026
2052
4104
4105
2053
4106
4107
1027
2054
4108
4109
2055
4110
4111
257
514
1028
2056
4112
4113
2057
4114
4115
1029
2058
4116
4117
2059
4118
4119
515
1030
2060
4120
4121
2061
4122
4123
1031
2062
4124
4125
2063
4126
4127
129
258
516
1032
2064
4128
4129
2065
4130
4131
1033
2066
4132
4133
2067
4134
4135
517
1034
2068
4136
4137
2069
4138
4139
1035
2070
4140
4141
2071
4142
4143
259
518
1036
2072
4144
4145
2073
4146
4147
1037
2074
4148
4149
2075
4150
4151
519
1038
2076
4152
4153
2077
4154
4155
1039
2078
4156
4157
2079
4158
4159
65
130
260
520
1040
2080
4160
4161
2081
4162
4163
1041
2082
4164
4165
2083
4166
4167
521
1042
2084
4168
4169
2085
4170
4171
1043
2086
4172
4173
2087
4174
4175
261
522
1044
2088
4176
4177
2089
4178
4179
1045
2090
4180
4181
2091
4182
4183
523
1046
2092
4184
4185
2093
4186
4187
1047
2094
4188
4189
2095
4190
4191
131
262
524
1048
2096
4192
4193
2097
4194
4195
1049
2098
4196
4197
2099
4198
4199
525
1050
2100
4200
4201
2101
4202
4203
1051
2102
4204
4205
2103
4206
4207
263
526
1052
2104
4208
4209
2105
4210
4211
1053
2106
4212
4213
2107
4214
4215
527
1054
2108
4216
4217
2109
4218
4219
1055
2110
4220
4221
2111
4222
4223
33
66
132
264
528
1056
2112
4224
4225
2113
4226
4227
1057
2114
4228
4229
2115
4230
4231
529
1058
2116
4232
4233
2117
4234
4235
1059
2118
4236
4237
2119
4238
4239
265
530
1060
2120
4240
4241
2121
4242
4243
1061
2122
4244
4245
2123
4246
4247
531
1062
2124
4248
4249
2125
4250
4251
1063
2126
4252
4253
2127
4254
4255
133
266
532
1064
2128
4256
4257
2129
4258
4259
1065
2130
4260
4261
2131
4262
4263
533
1066
2132
4264
4265
2133
4266
4267
1067
2134
4268
4269
2135
4270
4271
267
534
1068
2136
4272
4273
2137
4274
4275
1069
2138
4276
4277
2139
4278
4279
535
1070
2140
4280
4281
2141
4282
4283
1071
2142
4284
4285
2143
4286
4287
67
134
268
536
1072
2144
4288
4289
2145
4290
4291
1073
2146
4292
4293
2147
4294
4295
537
1074
2148
4296
4297
2149
4298
4299
1075
2150
4300
4301
2151
4302
4303
269
538
1076
2152
4304
4305
2153
4306
4307
1077
2154
4308
4309
2155
4310
4311
539
1078
2156
4312
4313
2157
4314
4315
1079
2158
4316
4317
2159
4318
4319
135
270
540
1080
2160
4320
4321
2161
4322
4323
1081
2162
4324
4325
2163
4326
4327
541
1082
2164
4328
4329
2165
4330
4331
1083
2166
4332
4333
2167
4334
4335
271
542
1084
2168
4336
4337
2169
4338
4339
1085
2170
4340
4341
2171
4342
4343
543
1086
2172
4344
4345
2173
4346
4347
1087
2174
4348
4349
2175
4350
4351
17
34
68
136
272
544
1088
2176
4352
4353
2177
4354
4355
1089
2178
4356
4357
2179
4358
4359
545
1090
2180
4360
4361
2181
4362
4363
1091
2182
4364
4365
2183
4366
4367
273
546
1092
2184
4368
4369
2185
4370
4371
1093
2186
4372
4373
2187
4374
4375
547
1094
2188
4376
4377
2189
4378
4379
1095
2190
4380
4381
2191
4382
4383
137
274
548
1096
2192
4384
4385
2193
4386
4387
1097
2194
4388
4389
2195
4390
4391
549
1098
2196
4392
4393
2197
4394
4395
1099
2198
4396
4397
2199
4398
4399
275
550
1100
2200
4400
4401
2201
4402
4403
1101
2202
4404
4405
2203
4406
4407
551
1102
2204
4408
4409
2205
4410
4411
1103
2206
4412
4413
2207
4414
4415
69
138
276
552
1104
2208
4416
4417
2209
4418
4419
1105
2210
4420
4421
2211
4422
4423
553
1106
2212
4424
4425
2213
4426
4427
1107
2214
4428
4429
2215
4430
4431
277
554
1108
2216
4432
4433
2217
4434
4435
1109
2218
4436
4437
2219
4438
4439
555
1110
2220
4440
4441
2221
4442
4443
1111
2222
4444
4445
2223
4446
4447
139
278
556
1112
2224
4448
4449
2225
4450
4451
1113
2226
4452
4453
2227
4454
4455
557
1114
2228
4456
4457
2229
4458
4459
1115
2230
4460
4461
2231
4462
4463
279
558
1116
2232
4464
4465
2233
4466
4467
1117
2234
4468
4469
2235
4470
4471
559
1118
2236
4472
4473
2237
4474
4475
1119
2238
4476
4477
2239
4478
4479
35
70
140
280
560
1120
2240
4480
4481
2241
4482
4483
1121
2242
4484
4485
2243
4486
4487
561
1122
2244
4488
4489
2245
4490
4491
1123
2246
4492
4493
2247
4494
4495
281
562
1124
2248
4496
4497
2249
4498
4499
1125
2250
4500
4501
2251
4502
4503
563
1126
2252
4504
4505
2253
4506
4507
1127
2254
4508
4509
2255
4510
4511
141
282
564
1128
2256
4512
4513
2257
4514
4515
1129
2258
4516
4517
2259
4518
4519
565
1130
2260
4520
4521
2261
4522
4523
1131
2262
4524
4525
2263
4526
4527
283
566
1132
2264
4528
4529
2265
4530
4531
1133
2266
4532
4533
2267
4534
4535
567
1134
2268
4536
4537
2269
4538
4539
1135
2270
4540
4541
2271
4542
4543
71
142
284
568
1136
2272
4544
4545
2273
4546
4547
1137
2274
4548
4549
2275
4550
4551
569
1138
2276
4552
4553
2277
4554
4555
1139
2278
4556
4557
2279
4558
4559
285
570
1140
2280
4560
4561
2281
4562
4563
1141
2282
4564
4565
2283
4566
4567
571
1142
2284
4568
4569
2285
4570
4571
1143
2286
4572
4573
2287
4574
4575
143
286
572
1144
2288
4576
4577
2289
4578
4579
1145
2290
4580
4581
2291
4582
4583
573
1146
2292
4584
4585
2293
4586
4587
1147
2294
4588
4589
2295
4590
4591
287
574
1148
2296
4592
4593
2297
4594
4595
1149
2298
4596
4597
2299
4598
4599
575
1150
2300
4600
4601
2301
4602
4603
1151
2302
4604
4605
2303
4606
4607
9
18
36
72
144
288
576
1152
2304
4608
4609
2305
4610
4611
1153
2306
4612
4613
2307
4614
4615
577
1154
2308
4616
4617
2309
4618
4619
1155
2310
4620
4621
2311
4622
4623
289
578
1156
2312
4624
4625
2313
4626
4627
1157
2314
4628
4629
2315
4630
4631
579
1158
2316
4632
4633
2317
4634
4635
1159
2318
4636
4637
2319
4638
4639
145
290
580
1160
2320
4640
4641
2321
4642
4643
1161
2322
4644
4645
2323
4646
4647
581
1162
2324
4648
4649
2325
4650
4651
1163
2326
4652
4653
2327
4654
4655
291
582
1164
2328
4656
4657
2329
4658
4659
1165
2330
4660
4661
2331
4662
4663
583
1166
2332
4664
4665
2333
4666
4667
1167
2334
4668
4669
2335
4670
4671
73
146
292
584
1168
2336
4672
4673
2337
4674
4675
1169
2338
4676
4677
2339
4678
4679
585
1170
2340
4680
4681
2341
4682
4683
1171
2342
4684
4685
2343
4686
4687
293
586
1172
2344
4688
4689
2345
4690
4691
1173
2346
4692
4693
2347
4694
4695
587
1174
2348
4696
4697
2349
4698
4699
1175
2350
4700
4701
2351
4702
4703
147
294
588
1176
2352
4704
4705
2353
4706
4707
1177
2354
4708
4709
2355
4710
4711
589
1178
2356
4712
4713
2357
4714
4715
1179
2358
4716
4717
2359
4718
4719
295
590
1180
2360
4720
4721
2361
4722
4723
1181
2362
4724
4725
2363
4726
4727
591
1182
2364
4728
4729
2365
4730
4731
1183
2366
4732
4733
2367
4734
4735
37
74
148
296
592
1184
2368
4736
4737
2369
4738
4739
1185
2370
4740
4741
2371
4742
4743
593
1186
2372
4744
4745
2373
4746
4747
1187
2374
4748
4749
2375
4750
4751
297
594
1188
2376
4752
4753
2377
4754
4755
1189
2378
4756
4757
2379
4758
4759
595
1190
2380
4760
4761
2381
4762
4763
1191
2382
4764
4765
2383
4766
4767
149
298
596
1192
2384
4768
4769
2385
4770
4771
1193
2386
4772
4773
2387
4774
4775
597
1194
2388
4776
4777
2389
4778
4779
1195
2390
4780
4781
2391
4782
4783
299
598
1196
2392
4784
4785
2393
4786
4787
1197
2394
4788
4789
2395
4790
4791
599
1198
2396
4792
4793
2397
4794
4795
1199
2398
4796
4797
2399
4798
4799
75
150
300
600
1200
2400
4800
4801
2401
4802
4803
1201
2402
4804
4805
2403
4806
4807
601
1202
2404
4808
4809
2405
4810
4811
1203
2406
4812
4813
2407
4814
4815
301
602
1204
2408
4816
4817
2409
4818
4819
1205
2410
4820
4821
2411
4822
4823
603
1206
2412
4824
4825
2413
4826
4827
1207
2414
4828
4829
2415
4830
4831
151
302
604
1208
2416
4832
4833
2417
4834
4835
1209
2418
4836
4837
2419
4838
4839
605
1210
2420
4840
4841
2421
4842
4843
1211
2422
4844
4845
2423
4846
4847
303
606
1212
2424
4848
4849
2425
4850
4851
1213
2426
4852
4853
2427
4854
4855
607
1214
2428
4856
4857
2429
4858
4859
1215
2430
4860
4861
2431
4862
4863
19
38
76
152
304
608
1216
2432
4864
4865
2433
4866
4867
1217
2434
4868
4869
2435
4870
4871
609
1218
2436
4872
4873
2437
4874
4875
1219
2438
4876
4877
2439
4878
4879
305
610
1220
2440
4880
4881
2441
4882
4883
1221
2442
4884
4885
2443
4886
4887
611
1222
2444
4888
4889
2445
4890
4891
1223
2446
4892
4893
2447
4894
4895
153
306
612
1224
2448
4896
4897
2449
4898
4899
1225
2450
4900
4901
2451
4902
4903
613
1226
2452
4904
4905
2453
4906
4907
1227
2454
4908
4909
2455
4910
4911
307
614
1228
2456
4912
4913
2457
4914
4915
1229
2458
4916
4917
2459
4918
4919
615
1230
2460
4920
4921
2461
4922
4923
1231
2462
4924
4925
2463
4926
4927
77
154
308
616
1232
2464
4928
4929
2465
4930
4931
1233
2466
4932
4933
2467
4934
4935
617
1234
2468
4936
4937
2469
4938
4939
1235
2470
4940
4941
2471
4942
4943
309
618
1236
2472
4944
4945
2473
4946
4947
1237
2474
4948
4949
2475
4950
4951
619
1238
2476
4952
4953
2477
4954
4955
1239
2478
4956
4957
2479
4958
4959
155
310
620
1240
2480
4960
4961
2481
4962
4963
1241
2482
4964
4965
2483
4966
4967
621
1242
2484
4968
4969
2485
4970
4971
1243
2486
4972
4973
2487
4974
4975
311
622
1244
2488
4976
4977
2489
4978
4979
1245
2490
4980
4981
2491
4982
4983
623
1246
2492
4984
4985
2493
4986
4987
1247
2494
4988
4989
2495
4990
4991
39
78
156
312
624
1248
2496
4992
4993
2497
4994
4995
1249
2498
4996
4997
2499
4998
4999
625
1250
2500
5000
5001
2501
5002
5003
1251
2502
5004
5005
2503
5006
5007
313
626
1252
2504
5008
5009
2505
5010
5011
1253
2506
5012
5013
2507
5014
5015
627
1254
2508
5016
5017
2509
5018
5019
1255
2510
5020
5021
2511
5022
5023
157
314
628
1256
2512
5024
5025
2513
5026
5027
1257
2514
5028
5029
2515
5030
5031
629
1258
2516
5032
5033
2517
5034
5035
1259
2518
5036
5037
2519
5038
5039
315
630
1260
2520
5040
5041
2521
5042
5043
1261
2522
5044
5045
2523
5046
5047
631
1262
2524
5048
5049
2525
5050
5051
1263
2526
5052
5053
2527
5054
5055
79
158
316
632
1264
2528
5056
5057
2529
5058
5059
1265
2530
5060
5061
2531
5062
5063
633
1266
2532
5064
5065
2533
5066
5067
1267
2534
5068
5069
2535
5070
5071
317
634
1268
2536
5072
5073
2537
5074
5075
1269
2538
5076
5077
2539
5078
5079
635
1270
2540
5080
5081
2541
5082
5083
1271
2542
5084
5085
2543
5086
5087
159
318
636
1272
2544
5088
5089
2545
5090
5091
1273
2546
5092
5093
2547
5094
5095
637
1274
2548
5096
5097
2549
5098
5099
1275
2550
5100
5101
2551
5102
5103
319
638
1276
2552
5104
5105
2553
5106
5107
1277
2554
5108
5109
2555
5110
5111
639
1278
2556
5112
5113
2557
5114
5115
1279
2558
5116
5117
2559
5118
5119
5
10
20
40
80
160
320
640
1280
2560
5120
5121
2561
5122
5123
1281
2562
5124
5125
2563
5126
5127
641
1282
2564
5128
5129
2565
5130
5131
1283
2566
5132
5133
2567
5134
5135
321
642
1284
2568
5136
5137
2569
5138
5139
1285
2570
5140
5141
2571
5142
5143
643
1286
2572
5144
5145
2573
5146
5147
1287
2574
5148
5149
2575
5150
5151
161
322
644
1288
2576
5152
5153
2577
5154
5155
1289
2578
5156
5157
2579
5158
5159
645
1290
2580
5160
5161
2581
5162
5163
1291
2582
5164
5165
2583
5166
5167
323
646
1292
2584
5168
5169
2585
5170
5171
1293
2586
5172
5173
2587
5174
5175
647
1294
2588
5176
5177
2589
5178
5179
1295
2590
5180
5181
2591
5182
5183
81
162
324
648
1296
2592
5184
5185
2593
5186
5187
1297
2594
5188
5189
2595
5190
5191
649
1298
2596
5192
5193
2597
5194
5195
1299
2598
5196
5197
2599
5198
5199
325
650
1300
2600
5200
5201
2601
5202
5203
1301
2602
5204
5205
2603
5206
5207
651
1302
2604
5208
5209
2605
5210
5211
1303
2606
5212
5213
2607
5214
5215
163
326
652
1304
2608
5216
5217
2609
5218
5219
1305
2610
5220
5221
2611
5222
5223
653
1306
2612
5224
5225
2613
5226
5227
1307
2614
5228
5229
2615
5230
5231
327
654
1308
2616
5232
5233
2617
5234
5235
1309
2618
5236
5237
2619
5238
5239
655
1310
2620
5240
5241
2621
5242
5243
1311
2622
5244
5245
2623
5246
5247
41
82
164
328
656
1312
2624
5248
5249
2625
5250
5251
1313
2626
5252
5253
2627
5254
5255
657
1314
2628
5256
5257
2629
5258
5259
1315
2630
5260
5261
2631
5262
5263
329
658
1316
2632
5264
5265
2633
5266
5267
1317
2634
5268
5269
2635
5270
5271
659
1318
2636
5272
5273
2637
5274
5275
1319
2638
5276
5277
2639
5278
5279
165
330
660
1320
2640
5280
5281
2641
5282
5283
1321
2642
5284
5285
2643
5286
5287
661
1322
2644
5288
5289
2645
5290
5291
1323
2646
5292
5293
2647
5294
5295
331
662
1324
2648
5296
5297
2649
5298
5299
1325
2650
5300
5301
2651
5302
5303
663
1326
2652
5304
5305
2653
5306
5307
1327
2654
5308
5309
2655
5310
5311
83
166
332
664
1328
2656
5312
5313
2657
5314
5315
1329
2658
5316
5317
2659
5318
5319
665
1330
2660
5320
5321
2661
5322
5323
1331
2662
5324
5325
2663
5326
5327
333
666
1332
2664
5328
5329
2665
5330
5331
1333
2666
5332
5333
2667
5334
5335
667
1334
2668
5336
5337
2669
5338
5339
1335
2670
5340
5341
2671
5342
5343
167
334
668
1336
2672
5344
5345
2673
5346
5347
1337
2674
5348
5349
2675
5350
5351
669
1338
2676
5352
5353
2677
5354
5355
1339
2678
5356
5357
2679
5358
5359
335
670
1340
2680
5360
5361
2681
5362
5363
1341
2682
5364
5365
2683
5366
5367
671
1342
2684
5368
5369
2685
5370
5371
1343
2686
5372
5373
2687
5374
5375
21
42
84
168
336
672
1344
2688
5376
5377
2689
5378
5379
1345
2690
5380
5381
2691
5382
5383
673
1346
2692
5384
5385
2693
5386
5387
1347
2694
5388
5389
2695
5390
5391
337
674
1348
2696
5392
5393
2697
5394
5395
1349
2698
5396
5397
2699
5398
5399
675
1350
2700
5400
5401
2701
5402
5403
1351
2702
5404
5405
2703
5406
5407
169
338
676
1352
2704
5408
5409
2705
5410
5411
1353
2706
5412
5413
2707
5414
5415
677
1354
2708
5416
5417
2709
5418
5419
1355
2710
5420
5421
2711
5422
5423
339
678
1356
2712
5424
5425
2713
5426
5427
1357
2714
5428
5429
2715
5430
5431
679
1358
2716
5432
5433
2717
5434
5435
1359
2718
5436
5437
2719
5438
5439
85
170
340
680
1360
2720
5440
5441
2721
5442
5443
1361
2722
5444
5445
2723
5446
5447
681
1362
2724
5448
5449
2725
5450
5451
1363
2726
5452
5453
2727
5454
5455
341
682
1364
2728
5456
5457
2729
5458
5459
1365
2730
5460
5461
2731
5462
5463
683
1366
2732
5464
5465
2733
5466
5467
1367
2734
5468
5469
2735
5470
5471
171
342
684
1368
2736
5472
5473
2737
5474
5475
1369
2738
5476
5477
2739
5478
5479
685
1370
2740
5480
5481
2741
5482
5483
1371
2742
5484
5485
2743
5486
5487
343
686
1372
2744
5488
5489
2745
5490
5491
1373
2746
5492
5493
2747
5494
5495
687
1374
2748
5496
5497
2749
5498
5499
1375
2750
5500
5501
2751
5502
5503
43
86
172
344
688
1376
2752
5504
5505
2753
5506
5507
1377
2754
5508
5509
2755
5510
5511
689
1378
2756
5512
5513
2757
5514
5515
1379
2758
5516
5517
2759
5518
5519
345
690
1380
2760
5520
5521
2761
5522
5523
1381
2762
5524
5525
2763
5526
5527
691
1382
2764
5528
5529
2765
5530
5531
1383
2766
5532
5533
2767
5534
5535
173
346
692
1384
2768
5536
5537
2769
5538
5539
1385
2770
5540
5541
2771
5542
5543
693
1386
2772
5544
5545
2773
5546
5547
1387
2774
5548
5549
2775
5550
5551
347
694
1388
2776
5552
5553
2777
5554
5555
1389
2778
5556
5557
2779
5558
5559
695
1390
2780
5560
5561
2781
5562
5563
1391
2782
5564
5565
2783
5566
5567
87
174
348
696
1392
2784
5568
5569
2785
5570
5571
1393
2786
5572
5573
2787
5574
5575
697
1394
2788
5576
5577
2789
5578
5579
1395
2790
5580
5581
2791
5582
5583
349
698
1396
2792
5584
5585
2793
5586
5587
1397
2794
5588
5589
2795
5590
5591
699
1398
2796
5592
5593
2797
5594
5595
1399
2798
5596
5597
2799
5598
5599
175
350
700
1400
2800
5600
5601
2801
5602
5603
1401
2802
5604
5605
2803
5606
5607
701
1402
2804
5608
5609
2805
5610
5611
1403
2806
5612
5613
2807
5614
5615
351
702
1404
2808
5616
5617
2809
5618
5619
1405
2810
5620
5621
2811
5622
5623
703
1406
2812
5624
5625
2813
5626
5627
1407
2814
5628
5629
2815
5630
5631
11
22
44
88
176
352
704
1408
2816
5632
5633
2817
5634
5635
1409
2818
5636
5637
2819
5638
5639
705
1410
2820
5640
5641
2821
5642
5643
1411
2822
5644
5645
2823
5646
5647
353
706
1412
2824
5648
5649
2825
5650
5651
1413
2826
5652
5653
2827
5654
5655
707
1414
2828
5656
5657
2829
5658
5659
1415
2830
5660
5661
2831
5662
5663
177
354
708
1416
2832
5664
5665
2833
5666
5667
1417
2834
5668
5669
2835
5670
5671
709
1418
2836
5672
5673
2837
5674
5675
1419
2838
5676
5677
2839
5678
5679
355
710
1420
2840
5680
5681
2841
5682
5683
1421
2842
5684
5685
2843
5686
5687
711
1422
2844
5688
5689
2845
5690
5691
1423
2846
5692
5693
2847
5694
5695
89
178
356
712
1424
2848
5696
5697
2849
5698
5699
1425
2850
5700
5701
2851
5702
5703
713
1426
2852
5704
5705
2853
5706
5707
1427
2854
5708
5709
2855
5710
5711
357
714
1428
2856
5712
5713
2857
5714
5715
1429
2858
5716
5717
2859
5718
5719
715
1430
2860
5720
5721
2861
5722
5723
1431
2862
5724
5725
2863
5726
5727
179
358
716
1432
2864
5728
5729
2865
5730
5731
1433
2866
5732
5733
2867
5734
5735
717
1434
2868
5736
5737
2869
5738
5739
1435
2870
5740
5741
2871
5742
5743
359
718
1436
2872
5744
5745
2873
5746
5747
1437
2874
5748
5749
2875
5750
5751
719
1438
2876
5752
5753
2877
5754
5755
1439
2878
5756
5757
2879
5758
5759
45
90
180
360
720
1440
2880
5760
5761
2881
5762
5763
1441
2882
5764
5765
2883
5766
5767
721
1442
2884
5768
5769
2885
5770
5771
1443
2886
5772
5773
2887
5774
5775
361
722
1444
2888
5776
5777
2889
5778
5779
1445
2890
5780
5781
2891
5782
5783
723
1446
2892
5784
5785
2893
5786
5787
1447
2894
5788
5789
2895
5790
5791
181
362
724
1448
2896
5792
5793
2897
5794
5795
1449
2898
5796
5797
2899
5798
5799
725
1450
2900
5800
5801
2901
5802
5803
1451
2902
5804
5805
2903
5806
5807
363
726
1452
2904
5808
5809
2905
5810
5811
1453
2906
5812
5813
2907
5814
5815
727
1454
2908
5816
5817
2909
5818
5819
1455
2910
5820
5821
2911
5822
5823
91
182
364
728
1456
2912
5824
5825
2913
5826
5827
1457
2914
5828
5829
2915
5830
5831
729
1458
2916
5832
5833
2917
5834
5835
1459
2918
5836
5837
2919
5838
5839
365
730
1460
2920
5840
5841
2921
5842
5843
1461
2922
5844
5845
2923
5846
5847
731
1462
2924
5848
5849
2925
5850
5851
1463
2926
5852
5853
2927
5854
5855
183
366
732
1464
2928
5856
5857
2929
5858
5859
1465
2930
5860
5861
2931
5862
5863
733
1466
2932
5864
5865
2933
5866
5867
1467
2934
5868
5869
2935
5870
5871
367
734
1468
2936
5872
5873
2937
5874
5875
1469
2938
5876
5877
2939
5878
5879
735
1470
2940
5880
5881
2941
5882
5883
1471
2942
5884
5885
2943
5886
5887
23
46
92
184
368
736
1472
2944
5888
5889
2945
5890
5891
1473
2946
5892
5893
2947
5894
5895
737
1474
2948
5896
5897
2949
5898
5899
1475
2950
5900
5901
2951
5902
5903
369
738
1476
2952
5904
5905
2953
5906
5907
1477
2954
5908
5909
2955
5910
5911
739
1478
2956
5912
5913
2957
5914
5915
1479
2958
5916
5917
2959
5918
5919
185
370
740
1480
2960
5920
5921
2961
5922
5923
1481
2962
5924
5925
2963
5926
5927
741
1482
2964
5928
5929
2965
5930
5931
1483
2966
5932
5933
2967
5934
5935
371
742
1484
2968
5936
5937
2969
5938
5939
1485
2970
5940
5941
2971
5942
5943
743
1486
2972
5944
5945
2973
5946
5947
1487
2974
5948
5949
2975
5950
5951
93
186
372
744
1488
2976
5952
5953
2977
5954
5955
1489
2978
5956
5957
2979
5958
5959
745
1490
2980
5960
5961
2981
5962
5963
1491
2982
5964
5965
2983
5966
5967
373
746
1492
2984
5968
5969
2985
5970
5971
1493
2986
5972
5973
2987
5974
5975
747
1494
2988
5976
5977
2989
5978
5979
1495
2990
5980
5981
2991
5982
5983
187
374
748
1496
2992
5984
5985
2993
5986
5987
1497
2994
5988
5989
2995
5990
5991
749
1498
2996
5992
5993
2997
5994
5995
1499
2998
5996
5997
2999
5998
5999
375
750
1500
3000
6000
6001
3001
6002
6003
1501
3002
6004
6005
3003
6006
6007
751
1502
3004
6008
6009
3005
6010
6011
1503
3006
6012
6013
3007
6014
6015
47
94
188
376
752
1504
3008
6016
6017
3009
6018
6019
1505
3010
6020
6021
3011
6022
6023
753
1506
3012
6024
6025
3013
6026
6027
1507
3014
6028
6029
3015
6030
6031
377
754
1508
3016
6032
6033
3017
6034
6035
1509
3018
6036
6037
3019
6038
6039
755
1510
3020
6040
6041
3021
6042
6043
1511
3022
6044
6045
3023
6046
6047
189
378
756
1512
3024
6048
6049
3025
6050
6051
1513
3026
6052
6053
3027
6054
6055
757
1514
3028
6056
6057
3029
6058
6059
1515
3030
6060
6061
3031
6062
6063
379
758
1516
3032
6064
6065
3033
6066
6067
1517
3034
6068
6069
3035
6070
6071
759
1518
3036
6072
6073
3037
6074
6075
1519
3038
6076
6077
3039
6078
6079
95
190
380
760
1520
3040
6080
6081
3041
6082
6083
1521
3042
6084
6085
3043
6086
6087
761
1522
3044
6088
6089
3045
6090
6091
1523
3046
6092
6093
3047
6094
6095
381
762
1524
3048
6096
6097
3049
6098
6099
1525
3050
6100
6101
3051
6102
6103
763
1526
3052
6104
6105
3053
6106
6107
1527
3054
6108
6109
3055
6110
6111
191
382
764
1528
3056
6112
6113
3057
6114
6115
1529
3058
6116
6117
3059
6118
6119
765
1530
3060
6120
6121
3061
6122
6123
1531
3062
6124
6125
3063
6126
6127
383
766
1532
3064
6128
6129
3065
6130
6131
1533
3066
6132
6133
3067
6134
6135
767
1534
3068
6136
6137
3069
6138
6139
1535
3070
6140
6141
3071
6142
6143
3
6
12
24
48
96
192
384
768
1536
3072
6144
6145
3073
6146
6147
1537
3074
6148
6149
3075
6150
6151
769
1538
3076
6152
6153
3077
6154
6155
1539
3078
6156
6157
3079
6158
6159
385
770
1540
3080
6160
6161
3081
6162
6163
1541
3082
6164
6165
3083
6166
6167
771
1542
3084
6168
6169
3085
6170
6171
1543
3086
6172
6173
3087
6174
6175
193
386
772
1544
3088
6176
6177
3089
6178
6179
1545
3090
6180
6181
3091
6182
6183
773
1546
3092
6184
6185
3093
6186
6187
1547
3094
6188
6189
3095
6190
6191
387
774
1548
3096
6192
6193
3097
6194
6195
1549
3098
6196
6197
3099
6198
6199
775
1550
3100
6200
6201
3101
6202
6203
1551
3102
6204
6205
3103
6206
6207
97
194
388
776
1552
3104
6208
6209
3105
6210
6211
1553
3106
6212
6213
3107
6214
6215
777
1554
3108
6216
6217
3109
6218
6219
1555
3110
6220
6221
3111
6222
6223
389
778
1556
3112
6224
6225
3113
6226
6227
1557
3114
6228
6229
3115
6230
6231
779
1558
3116
6232
6233
3117
6234
6235
1559
3118
6236
6237
3119
6238
6239
195
390
780
1560
3120
6240
6241
3121
6242
6243
1561
3122
6244
6245
3123
6246
6247
781
1562
3124
6248
6249
3125
6250
6251
1563
3126
6252
6253
3127
6254
6255
391
782
1564
3128
6256
6257
3129
6258
6259
1565
3130
6260
6261
3131
6262
6263
783
1566
3132
6264
6265
3133
6266
6267
1567
3134
6268
6269
3135
6270
6271
49
98
196
392
784
1568
3136
6272
6273
3137
6274
6275
1569
3138
6276
6277
3139
6278
6279
785
1570
3140
6280
6281
3141
6282
6283
1571
3142
6284
6285
3143
6286
6287
393
786
1572
3144
6288
6289
3145
6290
6291
1573
3146
6292
6293
3147
6294
6295
787
1574
3148
6296
6297
3149
6298
6299
1575
3150
6300
6301
3151
6302
6303
197
394
788
1576
3152
6304
6305
3153
6306
6307
1577
3154
6308
6309
3155
6310
6311
789
1578
3156
6312
6313
3157
6314
6315
1579
3158
6316
6317
3159
6318
6319
395
790
1580
3160
6320
6321
3161
6322
6323
1581
3162
6324
6325
3163
6326
6327
791
1582
3164
6328
6329
3165
6330
6331
1583
3166
6332
6333
3167
6334
6335
99
198
396
792
1584
3168
6336
6337
3169
6338
6339
1585
3170
6340
6341
3171
6342
6343
793
1586
3172
6344
6345
3173
6346
6347
1587
3174
6348
6349
3175
6350
6351
397
794
1588
3176
6352
6353
3177
6354
6355
1589
3178
6356
6357
3179
6358
6359
795
1590
3180
6360
6361
3181
6362
6363
1591
3182
6364
6365
3183
6366
6367
199
398
796
1592
3184
6368
6369
3185
6370
6371
1593
3186
6372
6373
3187
6374
6375
797
1594
3188
6376
6377
3189
6378
6379
1595
3190
6380
6381
3191
6382
6383
399
798
1596
3192
6384
6385
3193
6386
6387
1597
3194
6388
6389
3195
6390
6391
799
1598
3196
6392
6393
3197
6394
6395
1599
3198
6396
6397
3199
6398
6399
25
50
100
200
400
800
1600
3200
6400
6401
3201
6402
6403
1601
3202
6404
6405
3203
6406
6407
801
1602
3204
6408
6409
3205
6410
6411
1603
3206
6412
6413
3207
6414
6415
401
802
1604
3208
6416
6417
3209
6418
6419
1605
3210
6420
6421
3211
6422
6423
803
1606
3212
6424
6425
3213
6426
6427
1607
3214
6428
6429
3215
6430
6431
201
402
804
1608
3216
6432
6433
3217
6434
6435
1609
3218
6436
6437
3219
6438
6439
805
1610
3220
6440
6441
3221
6442
6443
1611
3222
6444
6445
3223
6446
6447
403
806
1612
3224
6448
6449
3225
6450
6451
1613
3226
6452
6453
3227
6454
6455
807
1614
3228
6456
6457
3229
6458
6459
1615
3230
6460
6461
3231
6462
6463
101
202
404
808
1616
3232
6464
6465
3233
6466
6467
1617
3234
6468
6469
3235
6470
6471
809
1618
3236
6472
6473
3237
6474
6475
1619
3238
6476
6477
3239
6478
6479
405
810
1620
3240
6480
6481
3241
6482
6483
1621
3242
6484
6485
3243
6486
6487
811
1622
3244
6488
6489
3245
6490
6491
1623
3246
6492
6493
3247
6494
6495
203
406
812
1624
3248
6496
6497
3249
6498
6499
1625
3250
6500
6501
3251
6502
6503
813
1626
3252
6504
6505
3253
6506
6507
1627
3254
6508
6509
3255
6510
6511
407
814
1628
3256
6512
6513
3257
6514
6515
1629
3258
6516
6517
3259
6518
6519
815
1630
3260
6520
6521
3261
6522
6523
1631
3262
6524
6525
3263
6526
6527
51
102
204
408
816
1632
3264
6528
6529
3265
6530
6531
1633
3266
6532
6533
3267
6534
6535
817
1634
3268
6536
6537
3269
6538
6539
1635
3270
6540
6541
3271
6542
6543
409
818
1636
3272
6544
6545
3273
6546
6547
1637
3274
6548
6549
3275
6550
6551
819
1638
3276
6552
6553
3277
6554
6555
1639
3278
6556
6557
3279
6558
6559
205
410
820
1640
3280
6560
6561
3281
6562
6563
1641
3282
6564
6565
3283
6566
6567
821
1642
3284
6568
6569
3285
6570
6571
1643
3286
6572
6573
3287
6574
6575
411
822
1644
3288
6576
6577
3289
6578
6579
1645
3290
6580
6581
3291
6582
6583
823
1646
3292
6584
6585
3293
6586
6587
1647
3294
6588
6589
3295
6590
6591
103
206
412
824
1648
3296
6592
6593
3297
6594
6595
1649
3298
6596
6597
3299
6598
6599
825
1650
3300
6600
6601
3301
6602
6603
1651
3302
6604
6605
3303
6606
6607
413
826
1652
3304
6608
6609
3305
6610
6611
1653
3306
6612
6613
3307
6614
6615
827
1654
3308
6616
6617
3309
6618
6619
1655
3310
6620
6621
3311
6622
6623
207
414
828
1656
3312
6624
6625
3313
6626
6627
1657
3314
6628
6629
3315
6630
6631
829
1658
3316
6632
6633
3317
6634
6635
1659
3318
6636
6637
3319
6638
6639
415
830
1660
3320
6640
6641
3321
6642
6643
1661
3322
6644
6645
3323
6646
6647
831
1662
3324
6648
6649
3325
6650
6651
1663
3326
6652
6653
3327
6654
6655
13
26
52
104
208
416
832
1664
3328
6656
6657
3329
6658
6659
1665
3330
6660
6661
3331
6662
6663
833
1666
3332
6664
6665
3333
6666
6667
1667
3334
6668
6669
3335
6670
6671
417
834
1668
3336
6672
6673
3337
6674
6675
1669
3338
6676
6677
3339
6678
6679
835
1670
3340
6680
6681
3341
6682
6683
1671
3342
6684
6685
3343
6686
6687
209
418
836
1672
3344
6688
6689
3345
6690
6691
1673
3346
6692
6693
3347
6694
6695
837
1674
3348
6696
6697
3349
6698
6699
1675
3350
6700
6701
3351
6702
6703
419
838
1676
3352
6704
6705
3353
6706
6707
1677
3354
6708
6709
3355
6710
6711
839
1678
3356
6712
6713
3357
6714
6715
1679
3358
6716
6717
3359
6718
6719
105
210
420
840
1680
3360
6720
6721
3361
6722
6723
1681
3362
6724
6725
3363
6726
6727
841
1682
3364
6728
6729
3365
6730
6731
1683
3366
6732
6733
3367
6734
6735
421
842
1684
3368
6736
6737
3369
6738
6739
1685
3370
6740
6741
3371
6742
6743
843
1686
3372
6744
6745
3373
6746
6747
1687
3374
6748
6749
3375
6750
6751
211
422
844
1688
3376
6752
6753
3377
6754
6755
1689
3378
6756
6757
3379
6758
6759
845
1690
3380
6760
6761
3381
6762
6763
1691
3382
6764
6765
3383
6766
6767
423
846
1692
3384
6768
6769
3385
6770
6771
1693
3386
6772
6773
3387
6774
6775
847
1694
3388
6776
6777
3389
6778
6779
1695
3390
6780
6781
3391
6782
6783
53
106
212
424
848
1696
3392
6784
6785
3393
6786
6787
1697
3394
6788
6789
3395
6790
6791
849
1698
3396
6792
6793
3397
6794
6795
1699
3398
6796
6797
3399
6798
6799
425
850
1700
3400
6800
6801
3401
6802
6803
1701
3402
6804
6805
3403
6806
6807
851
1702
3404
6808
6809
3405
6810
6811
1703
3406
6812
6813
3407
6814
6815
213
426
852
1704
3408
6816
6817
3409
6818
6819
1705
3410
6820
6821
3411
6822
6823
853
1706
3412
6824
6825
3413
6826
6827
1707
3414
6828
6829
3415
6830
6831
427
854
1708
3416
6832
6833
3417
6834
6835
1709
3418
6836
6837
3419
6838
6839
855
1710
3420
6840
6841
3421
6842
6843
1711
3422
6844
6845
3423
6846
6847
107
214
428
856
1712
3424
6848
6849
3425
6850
6851
1713
3426
6852
6853
3427
6854
6855
857
1714
3428
6856
6857
3429
6858
6859
1715
3430
6860
6861
3431
6862
6863
429
858
1716
3432
6864
6865
3433
6866
6867
1717
3434
6868
6869
3435
6870
6871
859
1718
3436
6872
6873
3437
6874
6875
1719
3438
6876
6877
3439
6878
6879
215
430
860
1720
3440
6880
6881
3441
6882
6883
1721
3442
6884
6885
3443
6886
6887
861
1722
3444
6888
6889
3445
6890
6891
1723
3446
6892
6893
3447
6894
6895
431
862
1724
3448
6896
6897
3449
6898
6899
1725
3450
6900
6901
3451
6902
6903
863
1726
3452
6904
6905
3453
6906
6907
1727
3454
6908
6909
3455
6910
6911
27
54
108
216
432
864
1728
3456
6912
6913
3457
6914
6915
1729
3458
6916
6917
3459
6918
6919
865
1730
3460
6920
6921
3461
6922
6923
1731
3462
6924
6925
3463
6926
6927
433
866
1732
3464
6928
6929
3465
6930
6931
1733
3466
6932
6933
3467
6934
6935
867
1734
3468
6936
6937
3469
6938
6939
1735
3470
6940
6941
3471
6942
6943
217
434
868
1736
3472
6944
6945
3473
6946
6947
1737
3474
6948
6949
3475
6950
6951
869
1738
3476
6952
6953
3477
6954
6955
1739
3478
6956
6957
3479
6958
6959
435
870
1740
3480
6960
6961
3481
6962
6963
1741
3482
6964
6965
3483
6966
6967
871
1742
3484
6968
6969
3485
6970
6971
1743
3486
6972
6973
3487
6974
6975
109
218
436
872
1744
3488
6976
6977
3489
6978
6979
1745
3490
6980
6981
3491
6982
6983
873
1746
3492
6984
6985
3493
6986
6987
1747
3494
6988
6989
3495
6990
6991
437
874
1748
3496
6992
6993
3497
6994
6995
1749
3498
6996
6997
3499
6998
6999
875
1750
3500
7000
7001
3501
7002
7003
1751
3502
7004
7005
3503
7006
7007
219
438
876
1752
3504
7008
7009
3505
7010
7011
1753
3506
7012
7013
3507
7014
7015
877
1754
3508
7016
7017
3509
7018
7019
1755
3510
7020
7021
3511
7022
7023
439
878
1756
3512
7024
7025
3513
7026
7027
1757
3514
7028
7029
3515
7030
7031
879
1758
3516
7032
7033
3517
7034
7035
1759
3518
7036
7037
3519
7038
7039
55
110
220
440
880
1760
3520
7040
7041
3521
7042
7043
1761
3522
7044
7045
3523
7046
7047
881
1762
3524
7048
7049
3525
7050
7051
1763
3526
7052
7053
3527
7054
7055
441
882
1764
3528
7056
7057
3529
7058
7059
1765
3530
7060
7061
3531
7062
7063
883
1766
3532
7064
7065
3533
7066
7067
1767
3534
7068
7069
3535
7070
7071
221
442
884
1768
3536
7072
7073
3537
7074
7075
1769
3538
7076
7077
3539
7078
7079
885
1770
3540
7080
7081
3541
7082
7083
1771
3542
7084
7085
3543
7086
7087
443
886
1772
3544
7088
7089
3545
7090
7091
1773
3546
7092
7093
3547
7094
7095
887
1774
3548
7096
7097
3549
7098
7099
1775
3550
7100
7101
3551
7102
7103
111
222
444
888
1776
3552
7104
7105
3553
7106
7107
1777
3554
7108
7109
3555
7110
7111
889
1778
3556
7112
7113
3557
7114
7115
1779
3558
7116
7117
3559
7118
7119
445
890
1780
3560
7120
7121
3561
7122
7123
1781
3562
7124
7125
3563
7126
7127
891
1782
3564
7128
7129
3565
7130
7131
1783
3566
7132
7133
3567
7134
7135
223
446
892
1784
3568
7136
7137
3569
7138
7139
1785
3570
7140
7141
3571
7142
7143
893
1786
3572
7144
7145
3573
7146
7147
1787
3574
7148
7149
3575
7150
7151
447
894
1788
3576
7152
7153
3577
7154
7155
1789
3578
7156
7157
3579
7158
7159
895
1790
3580
7160
7161
3581
7162
7163
1791
3582
7164
7165
3583
7166
7167
7
14
28
56
112
224
448
896
1792
3584
7168
7169
3585
7170
7171
1793
3586
7172
7173
3587
7174
7175
897
1794
3588
7176
7177
3589
7178
7179
1795
3590
7180
7181
3591
7182
7183
449
898
1796
3592
7184
7185
3593
7186
7187
1797
3594
7188
7189
3595
7190
7191
899
1798
3596
7192
7193
3597
7194
7195
1799
3598
7196
7197
3599
7198
7199
225
450
900
1800
3600
7200
7201
3601
7202
7203
1801
3602
7204
7205
3603
7206
7207
901
1802
3604
7208
7209
3605
7210
7211
1803
3606
7212
7213
3607
7214
7215
451
902
1804
3608
7216
7217
3609
7218
7219
1805
3610
7220
7221
3611
7222
7223
903
1806
3612
7224
7225
3613
7226
7227
1807
3614
7228
7229
3615
7230
7231
113
226
452
904
1808
3616
7232
7233
3617
7234
7235
1809
3618
7236
7237
3619
7238
7239
905
1810
3620
7240
7241
3621
7242
7243
1811
3622
7244
7245
3623
7246
7247
453
906
1812
3624
7248
7249
3625
7250
7251
1813
3626
7252
7253
3627
7254
7255
907
1814
3628
7256
7257
3629
7258
7259
1815
3630
7260
7261
3631
7262
7263
227
454
908
1816
3632
7264
7265
3633
7266
7267
1817
3634
7268
7269
3635
7270
7271
909
1818
3636
7272
7273
3637
7274
7275
1819
3638
7276
7277
3639
7278
7279
455
910
1820
3640
7280
7281
3641
7282
7283
1821
3642
7284
7285
3643
7286
7287
911
1822
3644
7288
7289
3645
7290
7291
1823
3646
7292
7293
3647
7294
7295
57
114
228
456
912
1824
3648
7296
7297
3649
7298
7299
1825
3650
7300
7301
3651
7302
7303
913
1826
3652
7304
7305
3653
7306
7307
1827
3654
7308
7309
3655
7310
7311
457
914
1828
3656
7312
7313
3657
7314
7315
1829
3658
7316
7317
3659
7318
7319
915
1830
3660
7320
7321
3661
7322
7323
1831
3662
7324
7325
3663
7326
7327
229
458
916
1832
3664
7328
7329
3665
7330
7331
1833
3666
7332
7333
3667
7334
7335
917
1834
3668
7336
7337
3669
7338
7339
1835
3670
7340
7341
3671
7342
7343
459
918
1836
3672
7344
7345
3673
7346
7347
1837
3674
7348
7349
3675
7350
7351
919
1838
3676
7352
7353
3677
7354
7355
1839
3678
7356
7357
3679
7358
7359
115
230
460
920
1840
3680
7360
7361
3681
7362
7363
1841
3682
7364
7365
3683
7366
7367
921
1842
3684
7368
7369
3685
7370
7371
1843
3686
7372
7373
3687
7374
7375
461
922
1844
3688
7376
7377
3689
7378
7379
1845
3690
7380
7381
3691
7382
7383
923
1846
3692
7384
7385
3693
7386
7387
1847
3694
7388
7389
3695
7390
7391
231
462
924
1848
3696
7392
7393
3697
7394
7395
1849
3698
7396
7397
3699
7398
7399
925
1850
3700
7400
7401
3701
7402
7403
1851
3702
7404
7405
3703
7406
7407
463
926
1852
3704
7408
7409
3705
7410
7411
1853
3706
7412
7413
3707
7414
7415
927
1854
3708
7416
7417
3709
7418
7419
1855
3710
7420
7421
3711
7422
7423
29
58
116
232
464
928
1856
3712
7424
7425
3713
7426
7427
1857
3714
7428
7429
3715
7430
7431
929
1858
3716
7432
7433
3717
7434
7435
1859
3718
7436
7437
3719
7438
7439
465
930
1860
3720
7440
7441
3721
7442
7443
1861
3722
7444
7445
3723
7446
7447
931
1862
3724
7448
7449
3725
7450
7451
1863
3726
7452
7453
3727
7454
7455
233
466
932
1864
3728
7456
7457
3729
7458
7459
1865
3730
7460
7461
3731
7462
7463
933
1866
3732
7464
7465
3733
7466
7467
1867
3734
7468
7469
3735
7470
7471
467
934
1868
3736
7472
7473
3737
7474
7475
1869
3738
7476
7477
3739
7478
7479
935
1870
3740
7480
7481
3741
7482
7483
1871
3742
7484
7485
3743
7486
7487
117
234
468
936
1872
3744
7488
7489
3745
7490
7491
1873
3746
7492
7493
3747
7494
7495
937
1874
3748
7496
7497
3749
7498
7499
1875
3750
7500
7501
3751
7502
7503
469
938
1876
3752
7504
7505
3753
7506
7507
1877
3754
7508
7509
3755
7510
7511
939
1878
3756
7512
7513
3757
7514
7515
1879
3758
7516
7517
3759
7518
7519
235
470
940
1880
3760
7520
7521
3761
7522
7523
1881
3762
7524
7525
3763
7526
7527
941
1882
3764
7528
7529
3765
7530
7531
1883
3766
7532
7533
3767
7534
7535
471
942
1884
3768
7536
7537
3769
7538
7539
1885
3770
7540
7541
3771
7542
7543
943
1886
3772
7544
7545
3773
7546
7547
1887
3774
7548
7549
3775
7550
7551
59
118
236
472
944
1888
3776
7552
7553
3777
7554
7555
1889
3778
7556
7557
3779
7558
7559
945
1890
3780
7560
7561
3781
7562
7563
1891
3782
7564
7565
3783
7566
7567
473
946
1892
3784
7568
7569
3785
7570
7571
1893
3786
7572
7573
3787
7574
7575
947
1894
3788
7576
7577
3789
7578
7579
1895
3790
7580
7581
3791
7582
7583
237
474
948
1896
3792
7584
7585
3793
7586
7587
1897
3794
7588
7589
3795
7590
7591
949
1898
3796
7592
7593
3797
7594
7595
1899
3798
7596
7597
3799
7598
7599
475
950
1900
3800
7600
7601
3801
7602
7603
1901
3802
7604
7605
3803
7606
7607
951
1902
3804
7608
7609
3805
7610
7611
1903
3806
7612
7613
3807
7614
7615
119
238
476
952
1904
3808
7616
7617
3809
7618
7619
1905
3810
7620
7621
3811
7622
7623
953
1906
3812
7624
7625
3813
7626
7627
1907
3814
7628
7629
3815
7630
7631
477
954
1908
3816
7632
7633
3817
7634
7635
1909
3818
7636
7637
3819
7638
7639
955
1910
3820
7640
7641
3821
7642
7643
1911
3822
7644
7645
3823
7646
7647
239
478
956
1912
3824
7648
7649
3825
7650
7651
1913
3826
7652
7653
3827
7654
7655
957
1914
3828
7656
7657
3829
7658
7659
1915
3830
7660
7661
3831
7662
7663
479
958
1916
3832
7664
7665
3833
7666
7667
1917
3834
7668
7669
3835
7670
7671
959
1918
3836
7672
7673
3837
7674
7675
1919
3838
7676
7677
3839
7678
7679
15
30
60
120
240
480
960
1920
3840
7680
7681
3841
7682
7683
1921
3842
7684
7685
3843
7686
7687
961
1922
3844
7688
7689
3845
7690
7691
1923
3846
7692
7693
3847
7694
7695
481
962
1924
3848
7696
7697
3849
7698
7699
1925
3850
7700
7701
3851
7702
7703
963
1926
3852
7704
7705
3853
7706
7707
1927
3854
7708
7709
3855
7710
7711
241
482
964
1928
3856
7712
7713
3857
7714
7715
1929
3858
7716
7717
3859
7718
7719
965
1930
3860
7720
7721
3861
7722
7723
1931
3862
7724
7725
3863
7726
7727
483
966
1932
3864
7728
7729
3865
7730
7731
1933
3866
7732
7733
3867
7734
7735
967
1934
3868
7736
7737
3869
7738
7739
1935
3870
7740
7741
3871
7742
7743
121
242
484
968
1936
3872
7744
7745
3873
7746
7747
1937
3874
7748
7749
3875
7750
7751
969
1938
3876
7752
7753
3877
7754
7755
1939
3878
7756
7757
3879
7758
7759
485
970
1940
3880
7760
7761
3881
7762
7763
1941
3882
7764
7765
3883
7766
7767
971
1942
3884
7768
7769
3885
7770
7771
1943
3886
7772
7773
3887
7774
7775
243
486
972
1944
3888
7776
7777
3889
7778
7779
1945
3890
7780
7781
3891
7782
7783
973
1946
3892
7784
7785
3893
7786
7787
1947
3894
7788
7789
3895
7790
7791
487
974
1948
3896
7792
7793
3897
7794
7795
1949
3898
7796
7797
3899
7798
7799
975
1950
3900
7800
7801
3901
7802
7803
1951
3902
7804
7805
3903
7806
7807
61
122
244
488
976
1952
3904
7808
7809
3905
7810
7811
1953
3906
7812
7813
3907
7814
7815
977
1954
3908
7816
7817
3909
7818
7819
1955
3910
7820
7821
3911
7822
7823
489
978
1956
3912
7824
7825
3913
7826
7827
1957
3914
7828
7829
3915
7830
7831
979
1958
3916
7832
7833
3917
7834
7835
1959
3918
7836
7837
3919
7838
7839
245
490
980
1960
3920
7840
7841
3921
7842
7843
1961
3922
7844
7845
3923
7846
7847
981
1962
3924
7848
7849
3925
7850
7851
1963
3926
7852
7853
3927
7854
7855
491
982
1964
3928
7856
7857
3929
7858
7859
1965
3930
7860
7861
3931
7862
7863
983
1966
3932
7864
7865
3933
7866
7867
1967
3934
7868
7869
3935
7870
7871
123
246
492
984
1968
3936
7872
7873
3937
7874
7875
1969
3938
7876
7877
3939
7878
7879
985
1970
3940
7880
7881
3941
7882
7883
1971
3942
7884
7885
3943
7886
7887
493
986
1972
3944
7888
7889
3945
7890
7891
1973
3946
7892
7893
3947
7894
7895
987
1974
3948
7896
7897
3949
7898
7899
1975
3950
7900
7901
3951
7902
7903
247
494
988
1976
3952
7904
7905
3953
7906
7907
1977
3954
7908
7909
3955
7910
7911
989
1978
3956
7912
7913
3957
7914
7915
1979
3958
7916
7917
3959
7918
7919
495
990
1980
3960
7920
7921
3961
7922
7923
1981
3962
7924
7925
3963
7926
7927
991
1982
3964
7928
7929
3965
7930
7931
1983
3966
7932
7933
3967
7934
7935
31
62
124
248
496
992
1984
3968
7936
7937
3969
7938
7939
1985
3970
7940
7941
3971
7942
7943
993
1986
3972
7944
7945
3973
7946
7947
1987
3974
7948
7949
3975
7950
7951
497
994
1988
3976
7952
7953
3977
7954
7955
1989
3978
7956
7957
3979
7958
7959
995
1990
3980
7960
7961
3981
7962
7963
1991
3982
7964
7965
3983
7966
7967
249
498
996
1992
3984
7968
7969
3985
7970
7971
1993
3986
7972
7973
3987
7974
7975
997
1994
3988
7976
7977
3989
7978
7979
1995
3990
7980
7981
3991
7982
7983
499
998
1996
3992
7984
7985
3993
7986
7987
1997
3994
7988
7989
3995
7990
7991
999
1998
3996
7992
7993
3997
7994
7995
1999
3998
7996
7997
3999
7998
7999
125
250
500
1000
2000
4000
8000
8001
4001
8002
8003
2001
4002
8004
8005
4003
8006
8007
1001
2002
4004
8008
8009
4005
8010
8011
2003
4006
8012
8013
4007
8014
8015
501
1002
2004
4008
8016
8017
4009
8018
8019
2005
4010
8020
8021
4011
8022
8023
1003
2006
4012
8024
8025
4013
8026
8027
2007
4014
8028
8029
4015
8030
8031
251
502
1004
2008
4016
8032
8033
4017
8034
8035
2009
4018
8036
8037
4019
8038
8039
1005
2010
4020
8040
8041
4021
8042
8043
2011
4022
8044
8045
4023
8046
8047
503
1006
2012
4024
8048
8049
4025
8050
8051
2013
4026
8052
8053
4027
8054
8055
1007
2014
4028
8056
8057
4029
8058
8059
2015
4030
8060
8061
4031
8062
8063
63
126
252
504
1008
2016
4032
8064
8065
4033
8066
8067
2017
4034
8068
8069
4035
8070
8071
1009
2018
4036
8072
8073
4037
8074
8075
2019
4038
8076
8077
4039
8078
8079
505
1010
2020
4040
8080
8081
4041
8082
8083
2021
4042
8084
8085
4043
8086
8087
1011
2022
4044
8088
8089
4045
8090
8091
2023
4046
8092
8093
4047
8094
8095
253
506
1012
2024
4048
8096
8097
4049
8098
8099
2025
4050
8100
8101
4051
8102
8103
1013
2026
4052
8104
8105
4053
8106
8107
2027
4054
8108
8109
4055
8110
8111
507
1014
2028
4056
8112
8113
4057
8114
8115
2029
4058
8116
8117
4059
8118
8119
1015
2030
4060
8120
8121
4061
8122
8123
2031
4062
8124
8125
4063
8126
8127
127
254
508
1016
2032
4064
8128
8129
4065
8130
8131
2033
4066
8132
8133
4067
8134
8135
1017
2034
4068
8136
8137
4069
8138
8139
2035
4070
8140
8141
4071
8142
8143
509
1018
2036
4072
8144
8145
4073
8146
8147
2037
4074
8148
8149
4075
8150
8151
1019
2038
4076
8152
8153
4077
8154
8155
2039
4078
8156
8157
4079
8158
8159
255
510
1020
2040
4080
8160
8161
4081
8162
8163
2041
4082
8164
8165
4083
8166
8167
1021
2042
4084
8168
8169
4085
8170
8171
2043
4086
8172
8173
4087
8174
8175
511
1022
2044
4088
8176
8177
4089
8178
8179
2045
4090
8180
8181
4091
8182
8183
1023
2046
4092
8184
8185
4093
8186
8187
2047
4094
8188
8189
4095
8190
8191
